Recipient	DC_MB2828_605799017_GaskinsProperty_sorted	DC_MB2846_603633631_Langdale_sorted	DC_MB2847_845338285_FortStewart_sorted	DC_MB2803_605804613_MoodyForest_sorted	DC_MB2844_605803125_GaskinsProperty_sorted	DC_MB2852_603639823_Langdale_sorted	DC_MB2723_076321591_Gerogia_OISPNorth_sorted	DC_MB2848_605790607_BroxtonRocksEast_sorted	DC_MB2836_076308773_OISPNorth_sorted	DC_MB2724_605806003_Georgia_GaskinsProperty_sorted	DC_MB2861_607338834_OISPNorth_sorted	DC_F9_georgia_BryanCo_FtStewart_sorted	DC_A6_georgia_EvansCo_FtStewart_sorted	DC_AUHT-5646_georgia_Hahira_sorted	DC_AUHT-5662_georgia_BryanCo_sorted	DC_B4_georgia_BryanCo_FtStewart_sorted	DC_MB2819_606112553_GaskinsProperty_sorted	DC_AUHT-5666_georgia_BryanCo_sorted	DC_MB2810_605359320_CanoocheeSandhillsWMA_sorted	DC_O3_georgia_WheelerCo_LittleOcmulgee_sorted	DC_C2_georgia_TelfairCo_sorted	DC_AUHT-5734_georgia_TelfairCo_Jacksonville_sorted	DC_AUHT-5655_georgia_EvansCo_Daisy_sorted	DC_K3_georgia_WheelerCo_LittleOcmulgee_sorted	DC_K6_georgia_WheelerCo_LittleOcmulgee_sorted	DC_D2_georgia_Conecuh_sorted	DC_G9_georgia_EvansCo_SandsSiteCanoochee_sorted	DC_G4_georgia_EvansCo_Canoochee_sorted	DC_AUHT-5830_georgia_TelfairCo_Snipesville_sorted	DC_F6_georgia_BryanCo_FtStewart_sorted	DC_H5_georgia_EvansCo_WarnellCanoochee_sorted	DC_AUHT-5654_georgia_EvansCo_Daisy_sorted	DC_S4_georgia_LongCo_FIAFRC_sorted	DC_N4_georgia_WayneCo_LittleSatillaWMA_sorted	DC_FEMALEV_unknown_unknown_sorted	DC_A1_georgia_EvansCo_FtStewart_sorted	DC_S1_georgia_LongCo_FIAFRC_sorted	DC_AUHT-5765_georgia_BryanCo_Southward_sorted	DC_AUHT-5665_georgia_EvansCo_Daisy_sorted	DC_H4_georgia_EvansCo_WarnellCanoochee_sorted	DC_Q4_georgia_BryanCo_FtStewart_sorted	DC_L2_georgia_AlapahaRiverRanch_sorted	DC_O5_georgia_WheelerCo_LittleOcmulgee_sorted	DC_AUHT-5687_georgia_CoffeeCo_SappsStill_sorted	DC_AUHT-5651_georgia_EvansCo_Daisy_sorted	DC_AUHT-5803_georgia_CoffeeCo_Pridgen_sorted	DC_E2_georgia_GenCoffeeStatePark_sorted	DC_AUHT-5808_georgia_TelfairCo_Jacksonville_sorted	DC_I2_georgia_BroxtonRocksTNC_sorted	DC_AUHT-5675_georgia_LongCo_Tibet_sorted	DC_AUHT-5706_georgia_WheelerCo_LumberCity_sorted	DC_AUHT-5698_georgia_CoffeeCo_Pridgen_sorted	DC_AUHT-5727_georgia_TelfairCo_McRaeHelena_sorted	DC_FEMALET_unknown_unknown_sorted	DC_MB2813_605056639_OISPNorth_sorted	DC_C6_georgia_TelfairCo_sorted	DC_MB2805_604806826_FortStewart_sorted	DC_AUHT-5670_georgia_WayneCo_Akin_sorted	DC_AUHT-5716_georgia_WheelerCo_LumberCity_sorted	DC_AUHT-5871_georgia_EvansCo_Daisy_sorted	DC_P5_georgia_TelfairCo_AlligoodTract_sorted	DC_AUHT-5793_georgia_TelfairCo_Snipesville_sorted	DC_AUHT-5744_georgia_WheelerCo_LumberCity_sorted	DC_AUHT-5695_georgia_CoffeeCo_SappsStill_sorted	DC_AUHT-5668_georgia_EvansCo_Daisy_sorted	DC_MB2815_603639016_GaskinsProperty_sorted	DC_AUHT-5713_georgia_WheelerCo_LumberCity_sorted	DC_AUHT-5729_georgia_TelfairCo_Snipesville_sorted	DC_AUHT-5725_georgia_WheelerCo_LumberCity_sorted	DC_MB2838_605791060_BroxtonRocksEast_sorted	DC_OCIC.11_K1_georgia_WheelerCo_LittleOcmulgee_sorted	DC_B8_georgia_BryanCo_FtStewart_sorted	DC_AUHT-5735_georgia_BryanCo_Southward_sorted	DC_MB2818_066265616_OISPNorth_sorted	DC_AUHT-5876_georgia_FortStewart_Willie_sorted	DC_MB2833_605066603_ReddingProperty_sorted	DC_AUHT-5667_georgia_BryanCo_Southward_sorted	DC_AUHT-5733_georgia_TelfairCo_Jacksonville_sorted	DC_OCIC.73_V4_georgia_AtkinsonCo_DeathAgeCem_sorted	DC_AUHT-5681_georgia_WheelerCo_Scotland_sorted	DC_AUHT-5827_georgia_TelfairCo_Jacksonville_sorted	DC_AUHT-5683_georgia_EvansCo_Daisy_sorted	DC_AUHT-5709_georgia_TelfairCo_Snipesville_sorted	DC_OCIC.68_U2_georgia_AtkinsonCo_AlapahaRiverRanch_sorted	DC_MB2804_607338519_SingerProperty_sorted	DC_MB2839_607338093_Langdale_sorted	DC_MB2811_605059540_FlatTubWMA_sorted	DC_MB2834_605060797_FrankThompsonProperty_sorted	DC_MB2809_603635074_CanoocheeSandhillsWMA_sorted	DC_MB2816_Nopit01_ReeseThompsonProperty_sorted	DC_MB2812_605062267_FrankThompsonProperty_sorted	DC_MB2841_605065061_MoodyForest_sorted	DC_MB2807_604067081_ReddingProperty_sorted	DC_MB2832_009278266_FortStewart_sorted	DC_MB2802_606105813_CanoocheeSandhillsWMANorth_sorted	DC_AUHT-5684_georgia_EvansCo_sorted	DC_MB2827_605797314_ReddingProperty_sorted	DC_MB2851_607338574_MoodyForest_sorted	DC_MB2849_607338019_AlapahaRiverRanchNorth_sorted	DC_MB2850_607338592_OISP_sorted	DC_MB2860_605064768_BroxtonRocks_sorted	DC_MB2801_605051629_WingateProperty_sorted	DC_MB2826_076123540_BroxtonRocks_sorted	DC_MB2842_605787638_GaskinsProperty_sorted	DC_MB2837_605797022_FrankThompsonProperty_sorted	DC_MB2814_600880260_OISPNorth_sorted	DC_MB2825_076288633_CanoocheeSandhillsWMA_sorted	DC_MB2863_607338329_OISPNorth_sorted	DC_MB2822_605796008_GaskinsProperty_sorted	DC_MB2817_836588104_AlligatorCreekWMA_sorted	DC_MB2820_066265616_OISPNorth_sorted	DC_MB2858_606105102_BroxtonRocks_sorted	DC_MB2806_605806841_GriffinRidgeWMA_sorted	DC_MB2853_604806280_FortStewart_sorted	DC_MB2855_605801081_AlapahaRiverRanchNorth_sorted	DC_MB2854_605059047_BroxtonRocks_sorted	DC_MB2829_842256381_FlatTubWMA_sorted	DC_MB2843_066265616_OISPNorth_sorted	DC_MB2824_607338318_BroxtonRocksEast_sorted	DC_MB2830_605063287_WingateProperty_sorted	DC_MB2859_605808542_GaskinsProperty_sorted	DC_MB2845_605062530_FlatTubWMA_sorted	DC_MB2823_607338540_GeneralCoffeeStateParkWest_sorted	DC_MB2821_605806268_CanoocheeSandhillsWMA_sorted	DC_MB2831_605061043_PenholowaySwampWMA_sorted	DC_MB2857_076321591_OISPNorth_sorted	DC_MB2865_604085531_ReddingProperty_sorted	DC_MB2835_605066065_LittleSatillaWMA_sorted	DC_MB2864_605054829_MoodyForest_sorted	DC_MB2808_605806005_FlatTubWMA_sorted	DC_MB2866_605050125_AlligatorCreekWMA_sorted
DC_MB2828_605799017_GaskinsProperty_sorted	0	1679	1678	1679	1681	1693	1690	1681	1681	1695	1701	1713	1700	1707	1723	1707	1684	1716	1687	1702	1722	1716	1717	1736	1734	1728	1727	1734	1736	1734	1750	1732	1713	1742	1747	1703	1726	1737	1723	1740	1738	1747	1747	1725	1744	1713	1761	1756	1761	1731	1713	1712	1716	1756	1688	1738	1692	1732	1735	1761	1775	1763	1722	1743	1731	1696	1787	1739	1793	1702	1830	1816	1779	1722	1862	1753	1850	1881	1973	1987	2047	2093	2172	2273	2126	2411	2480	2787	2759	2796	2812	2881	2929	3089	3141	3172	3184	3273	3343	3379	3429	3522	3550	3559	3565	3585	3577	3588	3621	3621	3644	3640	3657	3671	3686	3686	3690	3696	3695	3700	3698	3718	3715	3720	3718	3725	3729	3725	3730	3729	3731
DC_MB2846_603633631_Langdale_sorted	1679	0	1675	1674	1677	1684	1688	1676	1674	1691	1697	1711	1695	1701	1719	1706	1680	1714	1683	1697	1716	1711	1711	1729	1732	1725	1723	1728	1731	1728	1746	1727	1707	1736	1744	1698	1723	1734	1719	1736	1736	1743	1745	1722	1743	1709	1756	1749	1753	1724	1707	1708	1713	1753	1680	1733	1687	1727	1728	1760	1772	1759	1718	1738	1726	1691	1784	1736	1791	1694	1824	1815	1774	1717	1860	1745	1849	1874	1966	1980	2045	2098	2169	2271	2121	2409	2483	2790	2753	2797	2813	2875	2928	3087	3141	3171	3181	3274	3343	3381	3431	3524	3549	3560	3566	3582	3575	3588	3619	3621	3643	3640	3657	3671	3685	3687	3691	3695	3695	3699	3698	3718	3715	3720	3718	3725	3729	3725	3730	3729	3731
DC_MB2847_845338285_FortStewart_sorted	1677	1674	0	1671	1672	1684	1682	1675	1674	1689	1694	1704	1692	1699	1714	1704	1675	1708	1680	1694	1713	1706	1708	1724	1726	1718	1717	1725	1727	1724	1742	1722	1702	1732	1742	1694	1719	1726	1716	1732	1730	1741	1738	1716	1738	1705	1751	1748	1750	1724	1704	1704	1708	1748	1679	1730	1684	1723	1726	1753	1768	1754	1716	1735	1722	1688	1781	1732	1786	1691	1822	1808	1769	1711	1853	1744	1843	1873	1963	1976	2037	2092	2165	2266	2118	2407	2476	2782	2752	2790	2813	2878	2927	3087	3139	3169	3181	3274	3342	3378	3431	3524	3550	3556	3563	3582	3573	3586	3619	3622	3643	3640	3656	3671	3684	3685	3690	3694	3694	3698	3697	3717	3715	3719	3718	3724	3728	3724	3729	3728	3730
DC_MB2803_605804613_MoodyForest_sorted	1679	1674	1672	0	1675	1688	1687	1670	1671	1689	1696	1702	1689	1699	1715	1700	1675	1707	1677	1693	1711	1707	1706	1725	1726	1718	1715	1723	1728	1721	1740	1723	1703	1729	1740	1694	1719	1728	1714	1729	1729	1741	1738	1714	1735	1703	1750	1745	1749	1720	1704	1703	1708	1746	1678	1729	1683	1721	1725	1754	1767	1751	1713	1733	1719	1687	1777	1731	1783	1693	1821	1808	1769	1713	1852	1744	1840	1873	1960	1975	2041	2091	2163	2264	2116	2408	2477	2782	2749	2789	2810	2879	2923	3086	3137	3170	3182	3272	3346	3381	3428	3525	3550	3557	3563	3584	3574	3588	3619	3621	3644	3640	3655	3671	3686	3686	3690	3695	3696	3699	3698	3718	3715	3720	3718	3725	3729	3725	3730	3729	3731
DC_MB2844_605803125_GaskinsProperty_sorted	1681	1677	1673	1675	0	1687	1687	1675	1676	1695	1700	1708	1695	1703	1718	1707	1675	1714	1684	1698	1717	1712	1712	1729	1731	1725	1720	1729	1733	1728	1746	1726	1708	1737	1746	1700	1724	1731	1718	1735	1736	1743	1743	1720	1742	1706	1755	1751	1754	1725	1709	1708	1711	1752	1683	1735	1687	1726	1729	1759	1771	1757	1717	1739	1724	1691	1783	1736	1791	1695	1828	1813	1771	1716	1857	1747	1846	1877	1966	1979	2043	2097	2168	2266	2125	2412	2481	2783	2755	2793	2813	2877	2929	3086	3138	3170	3183	3276	3341	3379	3430	3523	3548	3559	3564	3582	3574	3590	3619	3621	3644	3640	3656	3671	3686	3686	3690	3695	3695	3699	3698	3718	3715	3720	3718	3725	3729	3725	3730	3729	3731
DC_MB2852_603639823_Langdale_sorted	1693	1684	1685	1688	1687	0	1695	1687	1685	1702	1708	1722	1705	1714	1728	1718	1690	1724	1696	1706	1729	1721	1723	1741	1743	1736	1734	1740	1743	1741	1759	1738	1719	1749	1756	1710	1735	1744	1727	1749	1747	1754	1757	1732	1754	1718	1768	1763	1768	1737	1720	1720	1724	1765	1695	1748	1701	1740	1741	1773	1782	1768	1730	1751	1739	1704	1795	1746	1803	1707	1839	1828	1786	1727	1872	1759	1860	1889	1981	1992	2056	2108	2177	2280	2132	2416	2488	2797	2760	2799	2813	2883	2929	3093	3143	3175	3185	3278	3346	3377	3432	3524	3551	3557	3565	3583	3575	3589	3621	3622	3643	3643	3657	3671	3685	3686	3691	3696	3695	3700	3698	3718	3715	3720	3718	3725	3729	3725	3730	3729	3731
DC_MB2723_076321591_Gerogia_OISPNorth_sorted	1689	1687	1682	1686	1686	1694	0	1685	1686	1701	1699	1715	1702	1711	1724	1714	1688	1715	1691	1706	1722	1720	1719	1736	1735	1729	1725	1732	1738	1730	1746	1733	1714	1737	1744	1705	1726	1738	1729	1738	1738	1745	1745	1732	1746	1719	1758	1754	1757	1733	1718	1719	1722	1754	1692	1744	1697	1735	1738	1760	1771	1756	1729	1747	1735	1699	1786	1746	1796	1707	1827	1817	1782	1726	1862	1759	1848	1887	1971	1982	2054	2101	2174	2266	2127	2415	2486	2784	2761	2795	2821	2876	2927	3089	3144	3169	3183	3275	3346	3379	3428	3524	3547	3556	3562	3581	3575	3588	3618	3620	3642	3641	3655	3670	3684	3685	3689	3694	3697	3699	3697	3717	3715	3719	3717	3724	3728	3724	3729	3728	3730
DC_MB2848_605790607_BroxtonRocksEast_sorted	1681	1676	1676	1670	1675	1687	1686	0	1676	1693	1697	1708	1695	1703	1715	1704	1676	1714	1679	1696	1715	1713	1708	1729	1731	1723	1718	1726	1735	1726	1746	1723	1706	1734	1743	1697	1724	1731	1717	1734	1734	1746	1742	1721	1740	1706	1753	1748	1754	1724	1709	1706	1709	1751	1681	1734	1686	1725	1729	1759	1769	1755	1717	1737	1724	1692	1779	1734	1788	1695	1824	1810	1772	1714	1855	1747	1846	1876	1964	1976	2045	2095	2166	2267	2119	2411	2481	2783	2752	2793	2811	2881	2923	3086	3139	3169	3180	3277	3344	3380	3428	3526	3548	3558	3563	3583	3575	3587	3619	3621	3643	3640	3656	3671	3685	3686	3690	3695	3696	3699	3698	3718	3715	3720	3718	3725	3729	3725	3730	3729	3731
DC_MB2836_076308773_OISPNorth_sorted	1681	1674	1675	1671	1676	1685	1687	1676	0	1692	1698	1709	1692	1704	1718	1702	1681	1712	1681	1697	1716	1711	1710	1730	1729	1723	1722	1728	1732	1730	1746	1727	1709	1733	1745	1698	1722	1733	1717	1734	1733	1744	1743	1720	1738	1708	1755	1748	1754	1726	1708	1708	1712	1752	1682	1735	1685	1725	1730	1759	1772	1756	1719	1738	1725	1692	1782	1735	1790	1696	1825	1813	1774	1717	1857	1750	1848	1878	1967	1977	2047	2096	2168	2268	2123	2412	2484	2787	2751	2797	2815	2876	2927	3087	3139	3173	3182	3273	3342	3379	3431	3525	3549	3556	3563	3582	3573	3588	3619	3623	3643	3640	3656	3671	3686	3687	3691	3695	3695	3699	3698	3718	3715	3720	3719	3725	3729	3725	3730	3729	3731
DC_MB2724_605806003_Georgia_GaskinsProperty_sorted	1695	1691	1690	1689	1695	1702	1702	1693	1692	0	1708	1718	1706	1712	1721	1720	1696	1719	1700	1714	1727	1727	1722	1739	1739	1729	1733	1733	1741	1738	1753	1734	1719	1743	1750	1713	1730	1742	1728	1742	1742	1751	1752	1736	1749	1723	1761	1757	1763	1739	1724	1723	1726	1759	1698	1751	1706	1741	1745	1764	1777	1763	1732	1756	1740	1708	1789	1749	1799	1713	1832	1819	1789	1737	1862	1765	1854	1891	1975	1985	2057	2107	2176	2275	2136	2418	2485	2790	2762	2801	2820	2881	2926	3092	3143	3171	3186	3275	3345	3379	3431	3523	3549	3556	3563	3583	3574	3588	3620	3621	3643	3640	3655	3672	3685	3686	3690	3695	3695	3699	3698	3718	3715	3720	3718	3725	3729	3725	3730	3729	3731
DC_MB2861_607338834_OISPNorth_sorted	1701	1697	1695	1696	1700	1708	1700	1697	1698	1708	0	1722	1713	1717	1729	1721	1701	1718	1702	1718	1726	1730	1729	1742	1735	1732	1732	1738	1742	1736	1747	1738	1720	1743	1747	1714	1732	1745	1738	1737	1739	1745	1746	1741	1746	1726	1758	1757	1758	1741	1731	1728	1730	1754	1702	1753	1710	1745	1751	1763	1775	1763	1740	1760	1746	1715	1783	1755	1806	1721	1830	1818	1795	1737	1863	1770	1847	1897	1973	1985	2064	2115	2183	2271	2140	2421	2489	2791	2764	2804	2825	2878	2933	3092	3151	3172	3185	3280	3344	3382	3430	3525	3550	3559	3564	3583	3576	3588	3619	3623	3643	3642	3658	3671	3686	3687	3690	3696	3696	3700	3698	3718	3715	3720	3719	3725	3729	3725	3730	3729	3731
DC_F9_georgia_BryanCo_FtStewart_sorted	1713	1711	1705	1702	1708	1722	1716	1708	1709	1718	1722	0	436	460	433	442	1710	444	1716	529	497	565	543	509	498	499	523	497	541	506	520	588	584	589	537	580	561	621	646	593	535	587	563	642	627	735	645	677	656	739	766	767	785	669	1710	797	1717	838	875	794	814	854	938	964	971	1720	931	1018	981	1727	1058	1061	1205	1748	1273	1777	1322	1494	1577	1626	1677	1877	1950	1978	2145	2420	2487	2788	2765	2803	2821	2882	2934	3095	3144	3135	3188	3276	3345	3387	3430	3523	3551	3559	3566	3585	3574	3591	3621	3620	3644	3643	3657	3672	3687	3686	3690	3696	3697	3702	3699	3718	3715	3720	3718	3725	3729	3725	3730	3729	3731
DC_A6_georgia_EvansCo_FtStewart_sorted	1700	1695	1693	1689	1695	1705	1703	1695	1692	1706	1713	436	0	445	430	433	1694	450	1702	495	501	549	526	515	504	490	520	501	549	521	530	595	558	587	553	535	559	625	647	604	550	595	589	634	639	715	647	708	673	732	740	744	749	683	1698	774	1704	825	854	814	827	862	902	943	950	1707	963	975	975	1713	1064	1058	1172	1734	1276	1761	1339	1477	1573	1627	1657	1846	1914	1979	2131	2419	2484	2789	2758	2802	2823	2878	2927	3094	3143	3137	3182	3275	3345	3381	3430	3523	3551	3559	3565	3584	3576	3588	3621	3620	3643	3642	3656	3672	3686	3686	3690	3696	3696	3700	3699	3718	3715	3720	3718	3725	3729	3725	3730	3729	3731
DC_AUHT-5646_georgia_Hahira_sorted	1707	1701	1700	1699	1703	1714	1712	1703	1704	1712	1717	460	445	0	431	459	1704	456	1708	520	521	576	558	528	517	518	543	508	557	538	535	593	584	606	569	584	574	632	652	620	556	603	599	654	663	742	661	720	681	742	769	774	792	693	1705	802	1714	851	873	811	832	880	935	957	975	1716	963	1006	976	1721	1072	1075	1190	1740	1272	1772	1342	1478	1580	1616	1664	1861	1928	1987	2134	2422	2485	2789	2759	2803	2818	2881	2932	3090	3144	3132	3185	3278	3342	3382	3432	3524	3549	3560	3565	3585	3575	3589	3620	3620	3643	3642	3656	3671	3685	3687	3690	3695	3696	3700	3699	3718	3715	3720	3718	3725	3729	3725	3730	3729	3731
DC_AUHT-5662_georgia_BryanCo_sorted	1723	1719	1715	1715	1718	1728	1725	1715	1718	1721	1729	433	430	431	0	437	1717	428	1722	515	482	571	529	519	483	489	529	478	538	507	503	565	587	583	540	581	550	601	636	583	531	577	566	651	633	732	638	687	651	732	762	772	775	675	1719	804	1725	845	872	794	812	862	927	965	969	1730	941	1006	982	1733	1054	1049	1202	1752	1269	1783	1327	1488	1570	1625	1673	1874	1939	1985	2145	2421	2485	2790	2765	2810	2824	2885	2935	3093	3148	3132	3189	3278	3346	3385	3435	3525	3551	3557	3566	3585	3576	3589	3622	3621	3643	3642	3656	3671	3685	3687	3690	3696	3697	3701	3699	3718	3715	3720	3718	3725	3729	3725	3730	3729	3731
DC_B4_georgia_BryanCo_FtStewart_sorted	1707	1706	1705	1700	1707	1718	1715	1704	1702	1720	1721	442	433	459	437	0	1706	463	1710	519	507	578	548	522	517	511	521	497	564	539	531	607	574	599	556	566	562	638	651	609	536	609	596	655	662	748	663	713	675	751	764	779	773	673	1709	782	1714	845	864	815	818	874	931	958	954	1720	965	1006	968	1726	1063	1050	1191	1746	1285	1773	1336	1473	1579	1623	1647	1857	1933	1983	2144	2419	2493	2784	2762	2802	2827	2881	2927	3092	3143	3131	3183	3274	3342	3379	3432	3527	3554	3557	3567	3584	3574	3588	3622	3621	3643	3642	3656	3671	3685	3686	3691	3695	3696	3700	3699	3718	3715	3720	3718	3725	3729	3725	3730	3729	3731
DC_MB2819_606112553_GaskinsProperty_sorted	1684	1680	1676	1675	1675	1690	1689	1676	1681	1696	1701	1710	1694	1704	1717	1706	0	1713	1684	1698	1721	1713	1712	1731	1732	1727	1720	1727	1733	1728	1746	1727	1707	1736	1744	1697	1724	1731	1721	1736	1735	1742	1746	1722	1742	1706	1756	1750	1756	1726	1711	1708	1710	1748	1684	1735	1688	1726	1728	1759	1769	1758	1719	1738	1724	1691	1784	1737	1791	1699	1827	1811	1773	1715	1858	1748	1849	1877	1965	1979	2044	2096	2166	2266	2121	2413	2483	2784	2753	2797	2815	2876	2928	3087	3141	3171	3181	3273	3345	3380	3429	3525	3549	3560	3563	3584	3576	3587	3619	3621	3644	3640	3656	3671	3685	3686	3690	3695	3695	3699	3698	3718	3716	3720	3718	3725	3729	3725	3730	3729	3731
DC_AUHT-5666_georgia_BryanCo_sorted	1716	1714	1709	1707	1714	1724	1716	1714	1712	1719	1718	444	450	456	428	463	1713	0	1721	530	498	592	567	522	485	487	546	479	562	511	505	594	589	580	529	584	547	629	669	591	530	572	567	679	650	758	632	704	651	761	795	793	811	664	1716	813	1725	869	896	812	804	869	955	988	1006	1727	946	1034	971	1732	1051	1055	1227	1754	1274	1784	1325	1501	1578	1616	1686	1884	1955	1976	2145	2426	2491	2792	2764	2807	2822	2882	2936	3094	3148	3131	3189	3276	3343	3381	3429	3524	3550	3557	3566	3585	3574	3588	3621	3620	3643	3643	3657	3671	3686	3686	3690	3697	3698	3702	3699	3718	3715	3720	3718	3725	3729	3725	3730	3729	3731
DC_MB2810_605359320_CanoocheeSandhillsWMA_sorted	1687	1683	1681	1677	1684	1696	1692	1679	1681	1700	1702	1716	1702	1708	1722	1710	1684	1721	0	1702	1720	1717	1717	1733	1735	1729	1724	1733	1740	1731	1750	1731	1712	1737	1749	1703	1730	1735	1723	1738	1736	1752	1746	1724	1742	1713	1760	1753	1756	1731	1711	1708	1714	1757	1683	1735	1689	1730	1732	1761	1777	1761	1721	1742	1726	1693	1784	1738	1793	1699	1827	1815	1775	1718	1859	1749	1848	1875	1965	1974	2046	2094	2165	2271	2122	2412	2480	2784	2757	2794	2811	2877	2925	3088	3138	3168	3183	3275	3344	3379	3429	3530	3549	3556	3563	3583	3573	3587	3619	3621	3643	3640	3656	3671	3686	3686	3691	3695	3696	3699	3699	3718	3715	3720	3718	3725	3729	3725	3730	3729	3731
DC_O3_georgia_WheelerCo_LittleOcmulgee_sorted	1702	1697	1695	1693	1698	1706	1707	1696	1697	1714	1718	529	495	520	515	519	1698	530	1702	0	592	594	583	586	586	561	607	573	644	609	608	653	625	676	636	604	634	684	683	683	628	673	648	684	730	729	705	778	728	754	759	767	773	742	1699	788	1705	865	845	883	854	907	923	952	959	1709	1015	984	974	1712	1086	1091	1169	1730	1296	1761	1367	1459	1586	1600	1645	1833	1905	1983	2128	2421	2483	2785	2754	2799	2814	2877	2926	3091	3139	3135	3185	3273	3343	3381	3430	3524	3549	3556	3567	3585	3574	3590	3620	3623	3643	3642	3655	3671	3686	3686	3690	3695	3696	3699	3699	3718	3715	3721	3718	3725	3729	3725	3730	3729	3731
DC_C2_georgia_TelfairCo_sorted	1722	1716	1714	1711	1717	1729	1723	1715	1716	1727	1726	497	501	521	482	507	1721	498	1720	592	0	646	612	567	528	543	573	540	591	568	547	633	621	602	579	628	592	660	713	625	580	621	607	711	681	794	679	719	677	791	836	836	843	708	1717	816	1728	889	927	833	830	885	991	1019	1028	1726	959	1062	978	1733	1059	1070	1254	1752	1281	1784	1337	1515	1577	1630	1683	1893	1965	1984	2143	2423	2487	2785	2763	2806	2826	2882	2935	3096	3146	3134	3186	3277	3344	3381	3432	3527	3550	3557	3565	3585	3575	3588	3621	3620	3643	3643	3656	3671	3685	3687	3691	3695	3697	3701	3699	3718	3716	3720	3718	3725	3729	3725	3730	3729	3731
DC_AUHT-5734_georgia_TelfairCo_Jacksonville_sorted	1716	1711	1707	1707	1712	1721	1721	1713	1711	1727	1730	565	549	576	571	578	1713	592	1717	594	646	0	584	648	640	621	640	652	623	638	669	642	677	697	684	661	697	668	673	729	683	716	693	647	724	724	759	755	787	736	736	759	754	788	1713	830	1721	824	841	842	899	911	903	925	940	1723	988	986	1024	1729	1122	1112	1158	1745	1299	1774	1354	1463	1599	1635	1661	1835	1911	1999	2142	2434	2491	2789	2762	2796	2824	2884	2935	3092	3144	3136	3187	3274	3343	3385	3431	3524	3550	3557	3566	3585	3574	3588	3621	3621	3643	3642	3656	3672	3686	3686	3691	3697	3697	3701	3699	3718	3715	3720	3718	3725	3729	3725	3730	3729	3731
DC_AUHT-5655_georgia_EvansCo_Daisy_sorted	1717	1711	1709	1706	1712	1723	1720	1708	1710	1722	1729	543	526	558	529	548	1712	567	1717	583	612	584	0	625	602	600	623	621	608	612	644	612	662	676	651	639	659	646	664	692	642	673	665	645	698	734	731	737	750	728	739	767	752	767	1711	849	1719	829	850	826	877	891	906	949	948	1721	971	1001	1004	1727	1096	1101	1178	1747	1289	1775	1338	1464	1586	1615	1665	1850	1920	1990	2141	2430	2490	2790	2760	2805	2826	2881	2928	3091	3147	3133	3184	3278	3344	3384	3432	3522	3554	3557	3565	3585	3573	3588	3621	3620	3644	3643	3655	3671	3685	3686	3690	3695	3696	3700	3699	3718	3715	3720	3718	3725	3729	3725	3730	3729	3731
DC_K3_georgia_WheelerCo_LittleOcmulgee_sorted	1736	1729	1725	1725	1729	1741	1737	1729	1730	1739	1742	509	515	528	519	522	1731	522	1733	586	567	648	625	0	547	566	580	561	637	592	577	681	627	664	607	632	625	699	734	671	605	655	632	718	709	786	698	754	706	809	823	833	834	739	1730	825	1739	898	930	855	848	920	991	1024	1021	1740	994	1065	996	1741	1084	1082	1246	1763	1301	1789	1353	1511	1585	1655	1685	1896	1959	1995	2153	2430	2497	2795	2768	2818	2830	2886	2934	3099	3147	3137	3193	3282	3344	3388	3437	3528	3550	3559	3568	3588	3577	3591	3621	3621	3643	3644	3657	3673	3687	3686	3690	3695	3697	3701	3700	3718	3716	3720	3718	3725	3729	3725	3730	3729	3731
DC_K6_georgia_WheelerCo_LittleOcmulgee_sorted	1734	1732	1727	1726	1731	1743	1736	1731	1729	1739	1735	498	504	517	483	517	1732	485	1735	586	528	640	602	547	0	524	578	540	607	553	549	630	618	621	566	633	591	669	707	631	573	620	601	706	672	783	674	728	670	791	829	829	844	710	1732	834	1741	892	934	833	815	896	991	1009	1032	1743	961	1061	979	1747	1062	1066	1262	1766	1283	1799	1339	1533	1583	1638	1702	1913	1977	1989	2160	2431	2497	2787	2771	2814	2826	2883	2939	3095	3148	3132	3188	3279	3341	3384	3434	3525	3550	3556	3566	3586	3574	3588	3621	3622	3644	3644	3657	3671	3686	3686	3690	3695	3696	3702	3700	3718	3715	3720	3718	3725	3729	3725	3730	3729	3731
DC_D2_georgia_Conecuh_sorted	1728	1725	1719	1718	1725	1736	1730	1723	1723	1729	1732	499	490	518	489	511	1727	487	1729	561	543	621	600	566	524	0	576	539	587	555	553	632	620	621	562	617	597	677	700	631	584	617	587	702	681	787	670	725	685	789	818	821	837	710	1726	822	1736	887	923	831	821	887	972	1010	1017	1737	974	1062	994	1742	1066	1071	1249	1762	1285	1792	1346	1513	1582	1634	1685	1893	1958	1989	2149	2429	2493	2793	2772	2813	2823	2883	2940	3095	3149	3133	3191	3282	3344	3386	3433	3526	3551	3556	3566	3585	3576	3590	3620	3622	3643	3644	3658	3673	3687	3687	3690	3697	3696	3700	3699	3718	3716	3720	3718	3725	3729	3725	3730	3729	3731
DC_G9_georgia_EvansCo_SandsSiteCanoochee_sorted	1727	1723	1718	1715	1720	1734	1726	1718	1722	1733	1732	523	520	543	529	521	1720	546	1724	607	573	640	623	580	578	576	0	557	635	586	580	654	621	643	626	623	622	688	701	650	607	662	641	708	693	799	697	753	722	798	834	828	847	728	1723	826	1729	888	917	842	854	903	981	1013	1009	1733	980	1061	988	1739	1087	1070	1249	1758	1286	1787	1336	1519	1585	1662	1678	1884	1959	1985	2153	2422	2493	2792	2771	2812	2827	2881	2938	3093	3148	3134	3187	3283	3344	3385	3430	3526	3552	3559	3565	3586	3575	3591	3623	3621	3643	3642	3657	3673	3686	3687	3691	3695	3696	3700	3699	3718	3715	3720	3718	3725	3729	3725	3730	3729	3731
DC_G4_georgia_EvansCo_Canoochee_sorted	1734	1728	1726	1723	1729	1740	1733	1726	1728	1733	1738	497	501	508	478	497	1727	479	1733	573	540	652	621	561	540	539	557	0	605	563	541	635	620	621	576	613	584	683	709	621	571	623	606	734	692	816	673	751	687	804	853	853	854	693	1729	828	1735	904	945	851	835	906	1008	1032	1032	1743	979	1073	996	1745	1071	1065	1273	1763	1290	1795	1341	1536	1585	1640	1689	1911	1973	1983	2154	2429	2496	2793	2769	2813	2829	2882	2938	3095	3148	3137	3187	3283	3343	3385	3432	3525	3552	3560	3565	3585	3575	3590	3622	3621	3644	3642	3657	3671	3686	3687	3691	3695	3697	3700	3699	3718	3715	3720	3718	3725	3729	3725	3730	3729	3731
DC_AUHT-5830_georgia_TelfairCo_Snipesville_sorted	1736	1731	1728	1728	1733	1743	1739	1735	1732	1741	1742	541	549	557	538	564	1733	562	1740	644	591	623	608	637	607	587	635	605	0	617	619	642	681	651	640	677	643	664	713	687	648	651	660	710	683	797	718	727	734	786	825	819	830	758	1737	871	1741	880	915	817	888	888	973	1001	1007	1745	974	1040	1026	1750	1106	1104	1240	1768	1296	1795	1334	1528	1597	1657	1707	1897	1967	1989	2153	2438	2498	2795	2770	2811	2831	2885	2939	3095	3155	3139	3185	3280	3346	3384	3434	3526	3551	3561	3565	3586	3577	3590	3620	3621	3643	3645	3656	3672	3685	3686	3691	3697	3696	3700	3699	3718	3717	3720	3718	3725	3729	3725	3730	3729	3731
DC_F6_georgia_BryanCo_FtStewart_sorted	1734	1728	1725	1721	1728	1741	1731	1726	1730	1738	1736	506	521	538	507	539	1728	511	1731	609	568	638	612	592	553	555	586	563	617	0	564	634	651	636	593	637	603	681	709	630	593	627	616	722	689	804	674	725	690	808	834	842	852	703	1729	841	1739	895	939	823	841	906	992	1026	1025	1739	950	1071	1005	1743	1073	1057	1247	1767	1280	1794	1327	1521	1575	1647	1698	1891	1968	1980	2155	2426	2491	2795	2765	2810	2829	2885	2937	3098	3150	3134	3189	3278	3347	3388	3433	3527	3551	3560	3566	3587	3575	3589	3622	3620	3645	3643	3658	3672	3687	3686	3691	3696	3698	3702	3699	3718	3715	3720	3718	3725	3729	3725	3730	3729	3731
DC_H5_georgia_EvansCo_WarnellCanoochee_sorted	1750	1746	1743	1740	1746	1759	1747	1746	1746	1753	1747	520	530	535	503	531	1746	505	1750	608	547	669	644	577	549	553	580	541	619	564	0	653	646	629	588	652	599	676	729	628	572	620	620	742	679	829	668	729	684	820	872	870	878	706	1745	856	1753	928	964	841	826	910	1021	1052	1047	1755	981	1098	1007	1764	1075	1067	1272	1782	1289	1810	1335	1537	1578	1639	1708	1921	1984	1983	2171	2432	2499	2801	2773	2820	2836	2884	2948	3096	3155	3135	3193	3285	3348	3387	3434	3526	3552	3562	3566	3586	3575	3593	3623	3621	3643	3644	3658	3672	3687	3687	3691	3697	3699	3702	3699	3718	3715	3720	3718	3725	3729	3725	3730	3729	3731
DC_AUHT-5654_georgia_EvansCo_Daisy_sorted	1732	1727	1723	1723	1726	1738	1734	1723	1727	1734	1738	588	595	593	565	607	1727	594	1731	653	633	642	612	681	630	632	654	635	642	634	653	0	705	696	675	692	674	660	703	713	668	680	679	721	699	785	764	740	778	783	826	818	807	772	1727	900	1735	876	921	845	886	908	954	990	1002	1738	977	1041	1030	1744	1112	1102	1223	1762	1302	1794	1339	1505	1591	1628	1699	1883	1957	1996	2147	2428	2491	2795	2767	2805	2827	2882	2936	3093	3145	3135	3189	3284	3343	3384	3433	3524	3553	3560	3565	3585	3574	3589	3621	3621	3643	3643	3655	3672	3685	3687	3690	3696	3696	3700	3699	3718	3715	3720	3718	3725	3729	3725	3730	3729	3731
DC_S4_georgia_LongCo_FIAFRC_sorted	1713	1707	1703	1703	1708	1719	1715	1706	1709	1719	1720	584	558	584	587	574	1707	589	1712	625	621	677	662	627	618	620	621	620	681	651	646	705	0	690	659	643	651	745	764	710	661	700	697	742	761	813	728	796	769	822	839	840	850	765	1706	836	1717	901	927	890	875	936	995	1014	1020	1715	1007	1062	1001	1724	1098	1090	1242	1739	1314	1767	1356	1503	1578	1655	1672	1882	1939	1988	2137	2420	2485	2784	2757	2805	2816	2877	2927	3093	3144	3133	3182	3271	3344	3380	3431	3523	3550	3556	3565	3585	3575	3588	3620	3620	3643	3643	3657	3672	3685	3686	3691	3696	3696	3701	3700	3718	3715	3720	3718	3725	3729	3725	3730	3729	3731
DC_N4_georgia_WayneCo_LittleSatillaWMA_sorted	1742	1736	1733	1729	1737	1749	1738	1734	1733	1743	1743	589	587	606	583	599	1736	580	1737	676	602	697	676	664	621	621	643	621	651	636	629	696	690	0	653	676	664	719	770	697	657	672	668	770	721	843	718	767	740	828	871	873	881	745	1735	878	1742	922	969	868	868	913	1019	1046	1051	1742	977	1083	1023	1752	1099	1089	1278	1767	1292	1799	1344	1541	1593	1658	1714	1927	1982	1997	2155	2430	2498	2796	2768	2816	2826	2877	2940	3096	3153	3137	3188	3281	3346	3387	3431	3526	3549	3557	3566	3587	3573	3591	3620	3621	3643	3643	3657	3672	3687	3687	3692	3696	3698	3700	3699	3718	3715	3720	3718	3725	3729	3725	3730	3729	3731
DC_FEMALEV_unknown_unknown_sorted	1747	1744	1743	1740	1746	1756	1745	1743	1745	1750	1747	537	553	569	540	556	1744	529	1749	636	579	684	651	607	566	562	626	576	640	593	588	675	659	653	0	672	628	702	745	658	612	635	629	761	715	841	697	757	717	830	868	879	881	724	1745	866	1753	934	965	867	835	907	1021	1052	1059	1753	988	1100	1018	1762	1076	1082	1284	1777	1303	1811	1347	1547	1588	1651	1708	1932	1988	1984	2168	2433	2495	2797	2770	2818	2829	2881	2941	3096	3156	3137	3189	3282	3343	3384	3431	3524	3550	3559	3566	3587	3577	3590	3620	3623	3643	3644	3657	3671	3686	3688	3690	3696	3697	3701	3699	3718	3716	3720	3718	3725	3729	3725	3730	3729	3731
DC_A1_georgia_EvansCo_FtStewart_sorted	1703	1698	1695	1694	1700	1710	1706	1697	1698	1713	1714	580	535	584	581	566	1697	584	1703	604	628	661	639	632	633	617	623	613	677	637	652	692	643	676	672	0	660	725	739	704	646	702	685	719	743	795	734	783	751	815	822	816	814	754	1699	800	1705	887	903	878	880	938	961	996	1011	1708	1001	1032	1002	1717	1094	1081	1222	1736	1311	1764	1349	1488	1579	1637	1674	1864	1930	1985	2133	2420	2484	2785	2758	2804	2820	2879	2928	3089	3142	3132	3182	3276	3343	3381	3430	3523	3550	3557	3565	3584	3575	3588	3621	3620	3643	3642	3657	3671	3685	3686	3690	3696	3697	3701	3699	3718	3715	3720	3718	3725	3729	3725	3730	3729	3731
DC_S1_georgia_LongCo_FIAFRC_sorted	1726	1723	1720	1719	1724	1735	1727	1724	1722	1730	1732	561	559	574	550	562	1724	547	1730	634	592	697	659	625	591	597	622	584	643	603	599	674	651	664	628	660	0	704	737	675	625	658	654	768	727	824	712	766	723	808	856	869	863	733	1724	856	1732	919	952	863	850	922	1015	1036	1047	1734	989	1078	1022	1743	1093	1084	1271	1759	1296	1786	1348	1534	1583	1646	1702	1912	1964	1991	2152	2423	2491	2789	2766	2809	2825	2876	2932	3094	3150	3136	3186	3279	3342	3383	3431	3524	3552	3557	3565	3585	3574	3589	3621	3620	3643	3643	3655	3672	3685	3686	3690	3695	3697	3701	3699	3718	3715	3720	3718	3725	3729	3725	3730	3729	3731
DC_AUHT-5765_georgia_BryanCo_Southward_sorted	1737	1734	1727	1728	1731	1744	1739	1731	1733	1742	1745	621	625	632	601	638	1731	629	1735	684	660	668	646	699	669	677	688	683	664	681	676	660	745	719	702	725	704	0	701	732	697	727	716	748	724	812	793	773	804	809	827	835	840	810	1731	907	1737	894	920	848	922	931	963	992	1007	1741	995	1051	1050	1748	1138	1129	1232	1763	1321	1790	1342	1498	1603	1633	1711	1885	1954	2010	2149	2428	2494	2794	2765	2814	2827	2883	2936	3096	3151	3132	3186	3283	3346	3387	3433	3523	3554	3560	3566	3589	3576	3591	3622	3621	3643	3642	3655	3673	3685	3687	3691	3695	3697	3701	3699	3718	3716	3720	3718	3725	3729	3725	3730	3729	3731
DC_AUHT-5665_georgia_EvansCo_Daisy_sorted	1722	1718	1716	1713	1717	1726	1729	1716	1716	1727	1737	645	646	651	635	650	1720	668	1722	682	712	672	663	733	706	699	700	708	712	708	728	702	763	769	744	738	736	700	0	765	731	770	760	744	766	808	829	800	833	793	819	803	825	836	1718	905	1726	886	899	877	946	949	960	981	996	1731	1008	1025	1070	1733	1135	1143	1207	1755	1312	1782	1355	1487	1596	1626	1665	1854	1933	2000	2141	2423	2491	2788	2765	2803	2823	2880	2928	3093	3140	3135	3183	3278	3343	3381	3428	3524	3551	3558	3564	3586	3573	3588	3621	3619	3643	3641	3655	3670	3685	3685	3691	3694	3696	3699	3698	3717	3714	3719	3717	3724	3728	3724	3729	3728	3730
DC_H4_georgia_EvansCo_WarnellCanoochee_sorted	1740	1736	1733	1729	1735	1749	1739	1734	1734	1742	1737	593	604	620	583	609	1736	591	1738	683	625	729	692	671	631	631	650	621	687	630	628	713	710	697	658	704	675	732	766	0	638	688	672	781	731	859	730	787	743	855	896	895	899	752	1734	887	1743	952	977	864	869	946	1041	1071	1072	1745	986	1117	1028	1751	1088	1079	1301	1771	1299	1801	1341	1546	1585	1642	1713	1920	1989	1984	2159	2424	2492	2795	2768	2815	2827	2886	2938	3093	3154	3131	3188	3281	3345	3384	3436	3524	3551	3560	3566	3586	3575	3589	3621	3621	3643	3643	3658	3672	3687	3687	3691	3697	3697	3701	3699	3718	3715	3720	3718	3725	3729	3725	3730	3729	3731
DC_Q4_georgia_BryanCo_FtStewart_sorted	1738	1736	1731	1729	1736	1747	1739	1734	1733	1742	1739	535	550	556	531	536	1735	530	1736	628	580	683	642	605	573	584	607	571	648	593	572	668	661	657	612	646	625	697	732	638	0	649	642	738	698	825	707	755	728	830	864	861	866	714	1735	855	1744	907	952	847	839	915	1020	1037	1042	1745	979	1084	1005	1750	1081	1072	1272	1770	1291	1801	1350	1536	1582	1636	1684	1906	1975	1991	2157	2427	2499	2797	2769	2819	2831	2885	2937	3102	3153	3131	3192	3279	3345	3383	3431	3527	3555	3559	3567	3586	3576	3589	3621	3622	3643	3643	3658	3671	3686	3686	3691	3698	3698	3702	3699	3718	3716	3720	3718	3725	3729	3725	3730	3729	3731
DC_L2_georgia_AlapahaRiverRanch_sorted	1747	1743	1742	1741	1743	1754	1746	1746	1744	1751	1745	587	595	603	577	609	1742	572	1752	673	621	716	673	655	620	617	662	623	651	627	620	680	700	672	635	702	658	727	771	688	649	0	679	781	736	846	719	768	736	836	889	888	878	754	1746	878	1753	940	973	868	871	930	1017	1055	1071	1755	985	1097	1042	1759	1097	1101	1297	1779	1302	1806	1350	1556	1592	1645	1701	1921	1982	1987	2165	2433	2497	2798	2771	2819	2829	2882	2939	3098	3156	3137	3189	3281	3345	3387	3432	3524	3552	3562	3567	3588	3574	3590	3621	3623	3644	3643	3657	3673	3687	3687	3690	3696	3698	3701	3699	3718	3715	3720	3718	3725	3729	3725	3730	3729	3731
DC_O5_georgia_WheelerCo_LittleOcmulgee_sorted	1747	1745	1739	1738	1743	1757	1746	1742	1743	1752	1746	563	589	599	566	596	1746	567	1746	648	607	693	665	632	601	587	641	606	660	616	620	679	697	668	629	685	654	716	761	672	642	679	0	772	721	843	718	764	739	831	869	890	883	746	1744	887	1755	932	963	865	858	909	1025	1055	1059	1754	987	1106	1027	1760	1095	1083	1289	1778	1314	1809	1337	1550	1587	1644	1713	1923	1984	1988	2167	2429	2499	2793	2768	2818	2829	2885	2944	3092	3154	3134	3194	3282	3344	3390	3435	3527	3550	3558	3567	3587	3577	3591	3620	3621	3643	3644	3657	3672	3687	3687	3690	3697	3698	3701	3699	3718	3716	3720	3718	3725	3729	3725	3730	3729	3731
DC_AUHT-5687_georgia_CoffeeCo_SappsStill_sorted	1725	1722	1717	1714	1720	1732	1733	1721	1720	1736	1741	642	634	654	651	655	1722	679	1724	684	711	647	645	718	706	702	708	734	710	722	742	721	742	770	761	719	768	748	745	781	738	781	772	0	780	763	826	813	830	803	806	795	818	846	1722	885	1729	888	894	898	959	953	956	977	991	1732	1032	1019	1067	1735	1167	1142	1209	1756	1325	1784	1365	1488	1623	1648	1694	1866	1935	2020	2148	2437	2495	2795	2765	2803	2823	2886	2938	3091	3147	3139	3190	3276	3346	3385	3435	3524	3552	3557	3566	3586	3576	3590	3622	3621	3644	3642	3657	3672	3685	3686	3690	3696	3698	3700	3699	3718	3715	3720	3718	3725	3729	3725	3730	3729	3731
DC_AUHT-5651_georgia_EvansCo_Daisy_sorted	1744	1743	1739	1735	1742	1754	1747	1740	1738	1749	1746	627	639	663	633	662	1742	650	1742	730	681	724	698	709	672	681	693	692	683	689	679	699	761	721	715	743	727	724	767	731	698	736	721	780	0	855	798	774	788	837	874	892	880	793	1742	917	1750	929	977	856	913	929	1027	1058	1038	1751	991	1092	1064	1758	1119	1115	1276	1779	1312	1809	1348	1531	1593	1655	1723	1912	1992	2012	2160	2435	2500	2795	2775	2818	2835	2883	2941	3098	3153	3132	3189	3282	3345	3385	3433	3527	3552	3560	3566	3586	3574	3589	3621	3620	3643	3643	3656	3671	3687	3686	3691	3697	3697	3701	3699	3718	3715	3720	3718	3725	3729	3725	3730	3729	3731
DC_AUHT-5803_georgia_CoffeeCo_Pridgen_sorted	1713	1709	1706	1703	1706	1718	1720	1706	1708	1723	1726	735	715	742	732	748	1706	758	1713	729	794	724	734	786	783	787	799	816	797	804	829	785	813	843	841	795	824	812	809	859	825	846	843	763	855	0	901	869	895	833	842	834	853	917	1707	929	1714	912	911	954	1005	1004	982	1002	1004	1720	1066	1035	1103	1721	1200	1181	1200	1743	1348	1769	1389	1478	1623	1639	1688	1844	1916	2023	2137	2422	2488	2786	2765	2803	2821	2884	2928	3089	3145	3140	3186	3278	3348	3383	3434	3522	3551	3558	3565	3585	3577	3590	3621	3620	3645	3642	3656	3671	3685	3686	3690	3696	3697	3700	3699	3718	3715	3720	3718	3725	3729	3725	3730	3729	3731
DC_E2_georgia_GenCoffeeStatePark_sorted	1761	1756	1752	1750	1755	1768	1759	1753	1755	1761	1758	645	647	661	638	663	1756	632	1760	705	679	759	731	698	674	670	697	673	718	674	668	764	728	718	697	734	712	793	830	730	707	719	718	826	798	901	0	823	782	891	928	944	932	801	1757	920	1763	985	1016	912	894	957	1083	1105	1104	1765	1024	1143	1044	1771	1127	1100	1314	1792	1328	1814	1370	1569	1597	1662	1729	1947	1989	1984	2171	2435	2503	2795	2774	2817	2834	2887	2941	3098	3160	3136	3192	3285	3346	3389	3435	3525	3551	3560	3566	3590	3576	3591	3622	3621	3643	3643	3658	3674	3687	3687	3690	3697	3699	3701	3699	3718	3715	3720	3718	3725	3730	3725	3730	3729	3731
DC_AUHT-5808_georgia_TelfairCo_Jacksonville_sorted	1756	1749	1749	1745	1751	1763	1755	1748	1748	1757	1757	677	708	720	687	713	1750	704	1753	778	719	755	737	754	728	725	753	751	727	725	729	740	796	767	757	783	766	773	801	787	755	768	764	813	774	869	823	0	829	862	902	917	915	837	1748	946	1759	947	991	897	946	966	1065	1079	1092	1763	1009	1134	1101	1766	1143	1141	1295	1790	1333	1815	1368	1561	1614	1673	1730	1919	1995	2014	2169	2438	2504	2795	2775	2820	2838	2887	2944	3098	3154	3139	3190	3285	3346	3385	3432	3525	3551	3562	3566	3587	3577	3591	3620	3621	3643	3643	3658	3672	3685	3687	3691	3695	3698	3700	3700	3718	3715	3721	3718	3725	3729	3725	3730	3729	3731
DC_I2_georgia_BroxtonRocksTNC_sorted	1761	1753	1751	1749	1754	1768	1758	1754	1754	1763	1758	656	673	681	651	675	1756	651	1756	728	677	787	750	706	670	685	722	687	734	690	684	778	769	740	717	751	723	804	834	743	728	736	739	830	788	895	782	829	0	915	925	934	942	798	1755	926	1762	1006	1015	919	900	983	1068	1114	1111	1764	1029	1153	1075	1768	1125	1112	1328	1786	1349	1814	1377	1583	1614	1671	1731	1958	2006	2008	2167	2444	2505	2801	2778	2823	2833	2889	2946	3099	3156	3137	3194	3282	3346	3386	3435	3527	3553	3561	3566	3587	3576	3589	3621	3621	3644	3646	3658	3671	3686	3687	3691	3695	3698	3702	3699	3718	3716	3720	3718	3725	3729	3726	3730	3729	3731
DC_AUHT-5675_georgia_LongCo_Tibet_sorted	1731	1724	1725	1720	1725	1737	1734	1724	1726	1739	1741	739	732	742	732	751	1726	761	1731	754	791	736	728	809	791	789	798	804	786	808	820	783	822	828	830	815	808	809	794	855	830	836	831	803	837	833	891	862	915	0	844	866	854	910	1727	957	1735	914	935	947	1016	993	989	1013	1025	1739	1063	1056	1116	1742	1202	1201	1227	1761	1340	1787	1395	1497	1626	1667	1697	1871	1941	2030	2150	2435	2501	2800	2764	2803	2829	2884	2935	3095	3149	3142	3190	3278	3345	3385	3431	3524	3553	3559	3565	3585	3578	3591	3622	3620	3644	3642	3657	3672	3685	3687	3692	3696	3697	3699	3699	3718	3715	3721	3718	3725	3729	3725	3730	3729	3731
DC_AUHT-5706_georgia_WheelerCo_LumberCity_sorted	1713	1707	1705	1704	1709	1720	1719	1709	1708	1724	1731	766	740	769	762	764	1711	795	1711	759	836	736	739	823	829	818	834	853	825	834	872	826	839	871	868	822	856	827	820	896	864	889	869	806	874	842	928	902	925	844	0	858	850	946	1706	964	1716	935	907	970	1049	1024	971	996	1011	1716	1084	1037	1122	1720	1217	1212	1197	1739	1373	1769	1418	1473	1636	1650	1699	1839	1903	2043	2128	2418	2491	2787	2762	2796	2825	2879	2930	3095	3145	3144	3188	3273	3344	3385	3431	3525	3551	3558	3567	3586	3576	3590	3621	3621	3643	3643	3657	3672	3685	3686	3691	3695	3696	3699	3699	3718	3716	3720	3718	3725	3729	3726	3730	3729	3731
DC_AUHT-5698_georgia_CoffeeCo_Pridgen_sorted	1711	1707	1704	1702	1707	1719	1719	1705	1707	1722	1727	766	743	773	771	778	1707	792	1707	766	835	758	766	832	828	820	827	852	818	841	869	817	839	872	878	815	868	834	803	894	860	887	889	794	891	833	943	916	933	865	857	0	865	950	1707	955	1714	935	918	969	1050	1027	977	1002	1015	1717	1110	1028	1142	1722	1214	1214	1191	1742	1370	1771	1397	1478	1636	1648	1680	1851	1919	2031	2134	2425	2487	2789	2761	2796	2822	2882	2927	3090	3143	3139	3187	3274	3343	3381	3431	3522	3549	3556	3564	3583	3574	3589	3620	3619	3642	3641	3655	3670	3684	3685	3689	3695	3696	3699	3698	3717	3714	3720	3717	3724	3728	3724	3729	3728	3730
